40.0
40.0000001517
40.0000002439
40.000000339
40.0000004775
40.0000018268
40.0000174843
40.0001338177
40.000135664
40.0002319493
40.0003007006
40.0003378729
40.0003955015
40.0005390644
40.0005468996
40.0007206445
40.0011350762
40.0013079909
40.0015647552
40.0028169918
40.0087437296
40.0098305423
40.0130240274
40.0235529154
40.0237214569
40.0323262419
40.0439903575
40.0481628502
40.0612354253
40.1651238233
40.173478277
40.1927464851
40.202936377
40.2159977109
40.3009224066
40.5534150064
40.6948186286
40.7984500622
40.9145071049
41.0590155485
41.1650022485
41.2069337201
41.462219131
41.7887239546
42.8651864453
43.5444559303
43.5938516069
43.9406448466
44.5373429559
44.8967162441
45.0137700686
45.9555735007
46.0716848951
46.4523762428
46.6981671595
46.9184711577
47.3656606324
48.3980860186
48.9518107342
49.2433027443
51.9511318615
52.190465985
52.4891145983
54.9409638717
58.810543816
59.8695066862
70.5643940657
72.126189143
82.2727754701
85.0053207435
85.9808315976
87.8022147749
88.712964366
91.5300405804
92.13641959
95.4378511338
101.097402836
104.379738255
113.522891242
176.352755336
186.148656961
205.194753354
260.428300829
261.198794371
262.616541226
285.21106604
340.162688399
359.551794711
459.819505216
574.990886926
854.012248192
1054.7221815
1130.62643164
1259.58625813
1377.8096542
1452.1899716
2483.13004717
5003.22139049
8503.18224365
12000.0
