40.0
40.0004902524
40.0008325251
40.0010307421
40.0010949638
40.0011751284
40.0014761063
40.0015991213
40.0017334423
40.001750839
40.0019322987
40.0021329855
40.0022015836
40.0022898055
40.0028551355
40.0029868652
40.0033354744
40.0038969241
40.0039523875
40.0041752238
40.0044684834
40.0046516348
40.0054894114
40.005730293
40.0059747269
40.0062207615
40.0063602195
40.0064040787
40.0067567834
40.0073225608
40.007607187
40.0079488348
40.0090218311
40.0098184614
40.0121780718
40.0126545706
40.0145815118
40.0149186874
40.0179315207
40.0183986046
40.0204017913
40.0204817947
40.0243941922
40.0250808807
40.0267484537
40.0276272753
40.0290809899
40.0295476451
40.0316955041
40.0341957389
40.035509254
40.0376357084
40.0380333921
40.0384427871
40.0476213433
40.0494727055
40.0516886566
40.0531114818
40.0538128118
40.0628737335
40.0631982445
40.071381243
40.0725214695
40.0739056467
40.074014353
40.0793095731
40.0887141563
40.0991595656
40.1283017318
40.144324851
40.1649659711
40.1666157598
40.1727742308
40.1942490472
40.2408971018
40.3384804625
40.3540096782
40.4391053663
40.5193812706
40.6082845456
40.6215549258
40.8486762093
41.3702238284
41.7215403095
42.6897542677
46.1667736997
48.6633560938
55.6257452241
64.1578216843
65.4542400671
65.4688297161
78.2681394635
98.9772795027
153.235159783
308.154644557
421.58756604
525.208661646
1428.9219736
2202.57434505
12000.0
